%YAML:1.0
---
calibration:
   file_version: 1
   image_size: [ 640, 480 ]
   camera_matrix_left: !!opencv-matrix
      rows: 3
      cols: 3
      dt: d
      data: [ 837.98143697704052, 0., 349.70231431323452, 0.,
          836.97927352714112, 276.48283913913127, 0., 0., 1. ]
   camera_matrix_right: !!opencv-matrix
      rows: 3
      cols: 3
      dt: d
      data: [ 897.57018909274825, 0., 345.98562314903228, 0.,
          895.99863690440941, 249.81480063265448, 0., 0., 1. ]
   dist_coeffs_left: !!opencv-matrix
      rows: 1
      cols: 5
      dt: d
      data: [ -0.40642041375198867, 0.21515391938592729, 0., 0., 0. ]
   dist_coeffs_right: !!opencv-matrix
      rows: 1
      cols: 5
      dt: d
      data: [ -0.41204730475622314, 0.34574333294778792, 0., 0., 0. ]
   R: !!opencv-matrix
      rows: 3
      cols: 3
      dt: d
      data: [ 0.9998052705967555, -0.016631878009144889,
          0.010620806035199175, 0.016821513372854022,
          0.99969606476884798, -0.018022618387076885,
          -0.010317828007642591, 0.018197766884105068,
          0.99978116790907623 ]
   T: !!opencv-matrix
      rows: 3
      cols: 1
      dt: d
      data: [ -78.034667888910377, 0.12752378863584299,
          -1.4648437893756707 ]
   E: !!opencv-matrix
      rows: 3
      cols: 3
      dt: d
      data: [ 0.02332512087409741, 1.4667192199177181,
          0.10109556172593595, -2.2697068231300066, 1.4444197983283,
          78.002033577612892, -1.4401601654441107, -78.008829443991843,
          1.4050346349001392 ]
   F: !!opencv-matrix
      rows: 3
      cols: 3
      dt: d
      data: [ 5.127850123078377e-09, 3.2283313078740237e-07,
          -7.2426829560747055e-05, -4.9985294402944451e-07,
          3.1848253280303255e-07, 0.014481782741343608,
          -0.00016108161724150488, -0.01560269997494051,
          0.99999999999999989 ]
   reprojection_error: 0.30995766344782127
