%YAML:1.0
---
calibration:
   image_size: [ 1200, 900 ]
   camera_matrix_left: !!opencv-matrix
      rows: 3
      cols: 3
      dt: d
      data: [ 1500.5571833222821, 0., 599.29381527452927, 0.,
          1500.6809423903967, 451.07627937678114, 0., 0., 1. ]
   camera_matrix_right: !!opencv-matrix
      rows: 3
      cols: 3
      dt: d
      data: [ 1501.1232608799269, 0., 606.33501832180798, 0.,
          1351.2177717029233, 452.67916525442786, 0., 0., 1. ]
   dist_coeffs_left: !!opencv-matrix
      rows: 1
      cols: 5
      dt: d
      data: [ 0.1082821789575493, -0.15889699168940583, 0., 0., 0. ]
   dist_coeffs_right: !!opencv-matrix
      rows: 1
      cols: 5
      dt: d
      data: [ -0.10397257554011592, 0.08152522566277122, 0., 0., 0. ]
   R: !!opencv-matrix
      rows: 3
      cols: 3
      dt: d
      data: [ 0.99778021119664395, 0.034647139108845704,
          -0.056870254931316838, -0.036246197565110327,
          0.99896908491000191, -0.027330945028383017,
          0.055864687472961513, 0.029331606598442545,
          0.99800741156962491 ]
   T: !!opencv-matrix
      rows: 3
      cols: 1
      dt: d
      data: [ -247.46956142994773, 5.5334450349765394,
          0.83894819632509821 ]
   E: !!opencv-matrix
      rows: 3
      cols: 3
      dt: d
      data: [ 0.33953285959866747, -0.67577847906974298,
          5.5453484034551517, 14.661895616867181, 7.2877469758155291,
          246.92874524717325, 3.4486686592971791, -247.4061593646324,
          7.0782654094275008 ]
   F: !!opencv-matrix
      rows: 3
      cols: 3
      dt: d
      data: [ -6.7593832694033269e-08, 1.3452215042650865e-07,
          -0.0016767291948459036, -3.2426971557880933e-06,
          -1.6116611462471677e-06, -0.079278087367072897,
          0.00047827895342205404, 0.074577250945340359, 1. ]
   reprojection_error: 0.22345038554587099
