%YAML:1.0
---
calibration:
   file_version: 1
   image_size: [ 640, 480 ]
   camera_matrix_left: !!opencv-matrix
      rows: 3
      cols: 3
      dt: d
      data: [ 833.77219332189816, 0., 345.23348355946769, 0.,
          832.87238413547391, 283.09941548849002, 0., 0., 1. ]
   camera_matrix_right: !!opencv-matrix
      rows: 3
      cols: 3
      dt: d
      data: [ 896.02665237066219, 0., 349.18275600763678, 0.,
          894.52312722091881, 259.38540858680005, 0., 0., 1. ]
   dist_coeffs_left: !!opencv-matrix
      rows: 1
      cols: 5
      dt: d
      data: [ -0.41681839979731622, 0.16598764924741871, 0., 0., 0. ]
   dist_coeffs_right: !!opencv-matrix
      rows: 1
      cols: 5
      dt: d
      data: [ -0.41354215597535943, 0.30657151334146787, 0., 0., 0. ]
   R: !!opencv-matrix
      rows: 3
      cols: 3
      dt: d
      data: [ 0.99976457302625443, -0.021356027275654606,
          -0.0038364854532111012, 0.021252792532884767,
          0.9994567705201447, -0.025188939457567637,
          0.0043723370393144931, 0.025101473272386758,
          0.9996753466542877 ]
   T: !!opencv-matrix
      rows: 3
      cols: 1
      dt: d
      data: [ -37.668046539687666, -0.70264594552062576,
          0.015078270178869198 ]
   E: !!opencv-matrix
      rows: 3
      cols: 3
      dt: d
      data: [ -0.0033926602409902759, -0.032707527639439724,
          -0.70203802352890099, 0.17977211543145016, 0.94520145148978074,
          37.655759634787913, -0.098070654514972655, -37.662589872336412,
          0.94612245282428509 ]
   F: !!opencv-matrix
      rows: 3
      cols: 3
      dt: d
      data: [ -1.3960476803545718e-09, -1.3473379544461437e-08,
          -0.00023656552977308634, 7.4098866671768593e-08,
          3.9001612350086568e-07, 0.012805011799215664,
          -5.4891978152088732e-05, -0.013997904504351146, 1. ]
   reprojection_error: 0.32100595305684904
