%YAML:1.0
---
calibration:
   file_version: 1
   image_size: [ 640, 480 ]
   camera_matrix_left: !!opencv-matrix
      rows: 3
      cols: 3
      dt: d
      data: [ 833.77219332184859, 0., 345.23348355890556, 0.,
          832.87238413542264, 283.09941548814527, 0., 0., 1. ]
   camera_matrix_right: !!opencv-matrix
      rows: 3
      cols: 3
      dt: d
      data: [ 896.02665237055487, 0., 349.18275600761257, 0.,
          894.52312722081035, 259.38540858673673, 0., 0., 1. ]
   dist_coeffs_left: !!opencv-matrix
      rows: 1
      cols: 5
      dt: d
      data: [ -0.41681839979678242, 0.16598764925689877, 0., 0., 0. ]
   dist_coeffs_right: !!opencv-matrix
      rows: 1
      cols: 5
      dt: d
      data: [ -0.41354215597520222, 0.30657151334147092, 0., 0., 0. ]
   R: !!opencv-matrix
      rows: 3
      cols: 3
      dt: d
      data: [ 0.99976457302625221, -0.021356027275645631,
          -0.0038364854538447406, 0.02125279253285834,
          0.99945677052013637, -0.025188939457923512,
          0.0043723370399551004, 0.02510147327272913,
          0.99967534665427638 ]
   T: !!opencv-matrix
      rows: 3
      cols: 1
      dt: d
      data: [ -75.336093079382223, -1.405291891044756,
          0.030156540292945167 ]
   E: !!opencv-matrix
      rows: 3
      cols: 3
      dt: d
      data: [ -0.006785320481518281, -0.065415055214690265,
          -1.4040760470629106, 0.35954423084641329, 1.8904029030069116,
          75.311519269582078, -0.19614130902460025, -75.325179744679147,
          1.89224490567465 ]
   F: !!opencv-matrix
      rows: 3
      cols: 3
      dt: d
      data: [ -1.3960476802579593e-09, -1.3473379531226074e-08,
          -0.00023656552977747484, 7.4098866668291126e-08,
          3.9001612350609002e-07, 0.012805011799201956,
          -5.489197815018719e-05, -0.013997904504341669, 1. ]
   reprojection_error: 0.32100595305682816
